0 0
10 10
0 0
0 0
-1 0
0 0
0 0
0 0
16 16
0 0
0 0
-1 0
0 0
1 1
1 1
2 2
0 0
4 4
8 8
1 1
2 2
4 4
8 8
4 4
8 8
0 0
1 1
0 0
0 0
1 1
0 0
0 0
1 1
0 0
0 0
1 1
0 0
0 0
1 1
0 0
0 0
1 1
0 0
0 0
37 37
1 1
1 1
37 37
37 37
1 1
1 1
1 1
1 1
0 0
0 0
0 0
1 1
16 16
0 0
0 0
1 1
2 2
4 4
8 8
1 1
2 2
4 4
8 8
4 4
8 8
0 0
1 1
0 0
0 0
0 0
0 0
0 0
0 0
0 0
1 1
0 0
0 0
0 0
0 0
0 0
0 0
0 0
0 0
1 1
0 0
0 0
0 0
0 0
0 0
0 0
0 0
0 0
0 0
1 1
0 0
0 0
0 0
0 0
0 0
0 0
1 1
0 0
0 0
0 0
0 0
0 0
0 0
1 1
0 0
0 0
0 0
0 0
37 37
1 1
1 1
37 37
37 37
1 1
1 1
0 0
1 1
1 1
1 1
1 1
1 1
0 0
2 2
16 16
0 0
0 0
0 0
0 0
0 0
0 0
1 1
0 0
2 2
16 16
0 0
1 0
1 1
2 0
2 2
3 0
4 4
4 0
8 8
5 0
9 9
6 0
12 12
7 0
13 13
8 0
16 16
9 0
17 17
10 0
18 18
11 0
19 19
12 0
20 20
13 0
27 27
14 0
32 32
15 0
33 33
16 0
34 34
17 0
35 35
18 0
36 36
21 0
37 37
19 0
38 38
22 0
39 39
20 0
40 40
23 0
41 41
24 0
42 42
25 0
43 43
26 0
44 44
27 0
45 45
28 0
46 46
29 0
47 47
30 0
49 49
31 0
50 50
32 0
51 51
33 0
52 52
34 0
53 53
35 0
54 54
36 0
55 55
37 0
56 56
38 0
57 57
39 0
48 48
40 0
65 65
41 0
66 66
42 0
67 67
43 0
68 68
44 0
69 69
45 0
70 70
46 0
71 71
47 0
72 72
48 0
73 73
49 0
74 74
50 0
75 75
51 0
76 76
52 0
77 77
53 0
78 78
54 0
79 79
55 0
80 80
56 0
81 81
57 0
82 82
58 0
83 83
59 0
84 84
60 0
85 85
61 0
86 86
62 0
87 87
63 0
88 88
64 0
89 89
65 0
90 90
66 0
91 91
67 0
92 92
68 0
93 93
69 0
95 95
70 0
96 96
71 0
97 97
72 0
98 98
73 0
99 99
74 0
100 100
75 0
101 101
76 0
102 102
77 0
103 103
78 0
104 104
79 0
105 105
80 0
106 106
81 0
107 107
82 0
108 108
83 0
109 109
84 0
110 110
85 0
111 111
86 0
112 112
87 0
113 113
88 0
114 114
89 0
115 115
90 0
116 116
91 0
117 117
92 0
118 118
93 0
119 119
94 0
120 120
95 0
121 121
96 0
122 122
97 0
123 123
98 0
144 144
99 0
145 145
100 0
186 186
101 0
187 187
102 0
188 188
103 0
189 189
104 0
190 190
105 0
191 191
106 0
192 192
107 0
219 219
108 0
220 220
109 0
221 221
110 0
222 222
2 2
16 16
65535 65535
16 16
65535 65535
28 28
0 0
0 0
16 16
0 0
2 2
0 0
0 0
5 5
0 0
1 1
0 0
1 1
0 0
256 256
0 0
257 257
0 0
260 260
0 0
261 261
0 0
512 512
0 0
522 522
120 120
0 0
513 513
0 0
1 1
1 0
1 0
1 0
0 0
514 514
1 1
0 0
1 0
1 0
0 0
519 519
0 0
1 1
3 0
3 0
3 0
0 0
520 520
1 1
0 0
3 0
3 0
0 0
516 516
0 0
1 1
2 0
2 0
2 0
0 0
517 517
1 1
0 0
2 0
2 0
0 0
258 258
2 2
16 16
2 2
0 0
0 0
0 0
0 0
1 1
0 0
0 0
0 0
0 0
0 0
1 1
2 2
0 0
80 80
32 32
0 0
0 0
282001408 282001408
300 300
150 150
0 0
0 0
111 0
0 0
0 0
111 0
0 0
0 0
1 1
0 0
2147483647 2147483647
1 1
18 18
27 27
59 59
31 31
0 0
1 1
1 1
32 32
1 1
1 1
1 1
1 1
0 0
1 1
0 0
1 1
2147483647 2147483647
2147483648 2147483648
0 0
1 1
0 0
1 1
9223372036854775807 9223372036854775807
-9223372036854775808 9223372036854775808
9007199254740992 9007199254740992
1 0
0 0
2147483648 2147483648
1 1
3 3
2 0
0 0
1073741824 1073741824
2 2
128 128
0 0
0 0
1 1
16 16
1 1
0 0
1 0
0 0
2 0
0 0
0 0
0 0
1 0
0 0
8 0
0 0
4 0
0 0
1 1
1 1
1 0
1 1
1 1
3 3
131072 131072
0 0
64 64
8 8
128 128
32 32
0 0
2 2
0 0
4 4
0 0
8 8
0 0
16 16
0 0
32 32
0 0
0 0
0 0
61 61
1 0
54 54
2 0
43 43
3 0
41 41
4 0
34 34
5 0
10 10
6 0
2 2
7 0
28 28
8 0
29 29
9 0
45 45
10 0
0 0
11 0
0 0
0 0
11 0
1 1
2 2
4 4
8 0
60 60
1 1
32 32
1 1
0 0
1 0
45056 45056
1 1
2 2
1 1
7 7
0 0
10 0
3 3
3 3
1 0
0 0
3 3
1 1
0 0
1 0
1 1
4 4
1 0
255 255
255 255
8 8
1 1
1 1
1 1
8 8
1 1
1 1
1 1
0 0
0 0
8 8
0 0
21 21
1 1
1 1
1 1
0 0
21 21
3 3
3 3
3 3
0 0
0 0
1 1
1 1
1 1
0 0
0 0
3 3
3 3
3 3
0 0
1 0
0 0
5 5
0 0
6 6
0 0
1 1
0 0
5 5
0 0
6 6
0 0
1 1
0 0
15 15
0 0
0 0
1 1
1 1
1 0
2 2
1 1
2 0
4 4
1 1
3 0
4 4
1 1
4 0
4 4
2 2
5 0
8 8
4 4
6 0
16 16
4 4
7 0
4 4
4 4
8 0
4 4
4 4
9 0
4 4
2 2
10 0
0 0
11 0
0 0
0 0
11 0
1 1
0 0
4 4
0 0
0 0
3 3
0 0
0 0
0 0
0 0
0 0
2 2
8 0
0 0
0 0
1 1
0 0
0 0
1 0
4 4
2 0
5 5
3 0
2 2
4 0
3 3
1 0
2 0
1 0
0 0
4294967295 4294967295
0 0
1 1
0 0
0 0
0 0
0 0
0 0
0 0
0 0
0 0
1 1
0 0
42 42
0 0
0 0
0 0
4 4
0 0
0 0
0 0
0 0
0 0
0 0
262145 262145
0 0
0 0
0 0
262145 262145
0 0
0 0
0 0
0 0
0 0
1 0
4 4
0 0
12 12
2 0
0 0
1 1
2 0
0 0
1 1
3 0
0 0
1 1
4 0
0 0
1 1
1 1
4 4
0 0
8 8
1 0
1 1
97 97
97 97
10 10
65 65
65 65
10 10
48 48
48 48
1 1
0 0
28 28
1 1
24 24
2 2
20 20
3 3
16 16
4 4
12 12
5 5
8 8
6 6
4 4
7 7
0 0
8 8
45 45
9 9
0
Invalid argument to int63_max
Assertion failed.
12 12
10 10
8 8
11 11
4 4
12 12
0 0
13 13
45 45
14 14
12 12
15 15
8 8
16 16
4 4
17 17
0 0
18 18
45 45
19 19
4 4
20 20
0 0
0 0
21 21
4 4
22 22
0 0
1 1
23 23
45 45
24 24
4 4
25 25
0 0
2 2
26 26
4 4
27 27
0 0
3 3
28 28
4 4
29 29
0 0
4 4
30 30
4 4
31 31
0 0
5 5
32 32
4 4
33 33
0 0
6 6
34 34
4 4
35 35
0 0
7 7
36 36
0 0
8 0
1 0
0 0
0 0
0 0
0 0
8 0
0 0
0 0
1 1
1 0
3 3
0 0
8 8
0 0
0 0
0 0
0 0
0 0
0 0
0 0
0 0
0 0
0 0
0 0
256 256
5 5
1 1
16 16
0 0
0 0
128 0
0 0
0 0
1 0
1 0
4 0
3 3
40 40
16 16
40 40
40 40
40 40
16 16
40 40
40 40
4 4
16 16
4 4
4 4
0 0
40 40
0 0
0 0
4 4
0 0
0 0
36 0
0 0
36 0
1 1
0 0
6 0
0 0
6 0
1 1
0 0
4 4
0 0
4 4
0 0
4 4
1 1
1 1
1 1
0 0
4 4
0 0
4 4
1 1
1 1
0 0
4 4
0 0
4 4
1 1
1 1
0 0
0 0
1 1
1 1
2 2
2 2
3 3
3 3
0 0
4 4
0 0
4 4
1 1
1 1
0 0
3 3
0 0
3 3
0 0
3 3
1 1
1 1
1 1
0 0
3 3
0 0
3 3
1 1
1 1
0 0
3 3
0 0
3 3
1 1
1 1
0 0
0 0
1 1
1 1
2 2
2 2
0 0
0 0
1 1
1 1
2 2
2 2
2 2
1 1
1 1
2 2
1 1
0 0
0 0
1 1
2 2
2 2
2 2
1 1
0 0
2 2
2 2
0 0
0 0
1 1
1 1
2 2
1 1
1 1
0 0
2 2
0 0
3 3
1 1
0 0
3 3
1 1
1 1
1 1
2 2
0 0
0 0
4 4
0 0
4 4
1 1
1 1
0 0
4 4
0 0
0 0
1 1
0 0
4 4
0 0
4 4
1 1
1 1
0 0
4 4
0 0
0 0
1 1
0 0
4 4
4 4
8 0
1 0
0 0
0 0
32 32
1 1
10 10
4 4
2 2
2 2
0 0
0 0
1 1
1 1
0 0
0 0
1 1
1 1
2 2
2 2
0 0
1 1
1 1
0 0
2 2
0 0
0 0
2 2
1 1
2 2
2 2
1 1
0 0
0 0
1 1
1 1
2 2
2 2
0 0
1 1
1 1
0 0
1 1
2 2
2 2
1 1
2 2
0 0
0 0
2 2
0 0
0 0
1 1
1 1
0 0
0 0
1 1
1 1
2 2
2 2
2 2
0 0
0 0
2 2
1 1
2 2
2 2
1 1
0 0
1 1
1 1
0 0
0 0
0 0
1 1
1 1
2 2
2 2
1 1
2 2
2 2
1 1
2 2
0 0
0 0
2 2
0 0
1 1
1 1
0 0
216 216
16 16
216 216
4 4
16 16
4 4
8 8
2 2
1 1
1 1
1024 1024
1024 1024
1023 1023
0 0
1 1
0 0
1 1
1 1
1 1
32 32
1 1
216 216
1 1
216 216
0 0
3 3
0 0
1 1
3 3
1 1
2 2
3 3
2 2
0 0
0 0
0 0
1 1
0 0
2 2
0 0
3 3
1 1
0 0
1 1
1 1
1 1
2 2
1 1
3 3
2 2
0 0
2 2
1 1
2 2
2 2
2 2
3 3
3 3
0 0
3 3
1 1
3 3
2 2
3 3
3 3
0 0
0 0
1 1
1 1
2 2
2 2
2 2
3 3
3 3
2 2
0 0
0 0
1 1
1 1
2 2
2 2
3 3
0 0
3 3
1 1
3 3
2 2
3 3
3 3
40 40
16 16
40 40
0 0
0 0
0 0
1 1
1 1
1 1
2 2
2 2
2 2
3 3
3 3
80 80
40 40
0 0
1 1
0 0
1 1
1 1
0 0
0 0
0 0
0 0
0 0
0 0
0 0
40 40
40 40
0 0
1 1
0 0
1 1
1 1
0 0
0 0
0 0
1 1
0 0
32 32
8 8
2 2
1 1
1 1
0 0
0 0
0 0
0 0
1 1
0 0
1 1
1 1
0 0
1 1
1 1
0 0
1 1
0 0
0 0
0 0
0 0
0 0
0 0
10 10
1 1
0 0
1 1
1 1
0 0
10 10
1 1
0 0
1 1
1 1
0 0
1 1
0 0
1 1
1 1
1 1
32 32
32 32
16 16
0 0
1 1
16 16
0 0
0 0
0 0
1 1
1 1
2 2
4 4
8 8
16 16
32 32
1 1
0 0
0 0
0 0
0 0
0 0
1 1
2 2
0 0
1 1
0 0
2 2
1 1
0 0
2 2
0 0
3 3
1 1
0 0
2 2
1 1
0 0
1 1
1 1
1 1
1 1
1 1
2 2
0 0
1 1
2 2
1 1
3 3
2 2
0 0
1 1
2 2
0 0
2 2
1 1
0 0
2 2
1 1
2 2
2 2
2 2
2 2
2 2
3 3
0 0
1920 1920
1080 1080
1 1
1 1
8 0
255 255
255 255
255 255
255 255
0 0
1 1
1 1
8 0
0 0
0 0
0 0
255 255
0 0
0 0
4 4
4 4
8 0
1 0
0 0
6 6
0 0
0 0
0 0
0 0
0 0
6 6
0 0
12 12
0 0
0 0
0 0
2 2
0 0
24 24
0 0
0 0
0 0
3 3
0 0
80 80
160 160
9007199254740992 9007199254740992
723468723 723468723
13 0
0 0
0 0
1 1
14 0
1 1
0 0
160 160
1 1
0 0
1 1
1 1
2 0
1 0
10240 10240
0 0
0 0
1 1
0 0
1 1
